Timestamp,Bytes_Send_leo02,Bytes_Received_leo02,Packets_Send_leo02,Packets_Received_leo02,Errors_Send_leo02,Errors_Received_leo02,Drop_Incoming_leo02,Drop_total_leo02,CPU_percent_leo02,CPU_time_leo02,RAM_percent_leo02,RAM_info_leo02,LAT_leo02,LONG_leo02,ALT_leo02,Delay_local,Size_local,Bytes_Send_local,Bytes_Received_local,Packets_Send_local,Packets_Received_local,Errors_Send_local,Errors_Received_local,Drop_Incoming_local,Drop_total_local,CPU_percent_local,CPU_time_local,RAM_percent_local,RAM_info_local,Ping_target_local,LAT_local,LONG_local,ALT_local
627,,,,,,,,,,,,,,,,,,0.0,0.0,0.0,0.0,0.0,0.0,0.0,0.0,0.0,0.0,0.0,0.0,1.0,49.625721000000006,6.158806666666667,350.9
1147,0.0,0.0,0.0,0.0,0.0,0.0,0.0,0.0,0.0,1.03,0.4929829722260577,40361984.0,49.62732033333334,6.159183833333333,349.0,,,,,,,,,,,,,,,,,,
1634,,,,,,,,,,,,,,,,,,5689.0,7103.0,40.0,46.0,0.0,0.0,0.0,0.0,0.0,0.22,0.3992883851157867,65748992.0,1.0,49.625720666666666,6.158802333333333,351.4
2154,562.0,3094.0,9.0,9.0,0.0,0.0,0.0,0.0,0.0,1.7400000000000002,0.666232417407592,54546432.0,49.62732200000001,6.159180666666667,349.0,,,,,,,,,,,,,,,,,,
2627,,,,,,,,,,,,,,,,,,2486.0,2962.0,24.0,30.0,0.0,0.0,0.0,0.0,0.0,0.22,0.3992883851157867,65748992.0,1.0,49.625720833333325,6.158799166666667,351.7
3164,4237.0,4291.0,20.0,21.0,0.0,0.0,0.0,0.0,0.0,1.7400000000000002,0.666232417407592,54546432.0,49.62732200000001,6.159177666666666,348.8,,,,,,,,,,,,,,,,,,
3535,,,,,,,,,,,,,,,,0.1324102878570556,8184.0,,,,,,,,,,,,,,,,
3632,,,,,,,,,,,,,,,,,,6310.0,4306.0,21.0,27.0,0.0,0.0,0.0,0.0,0.0,0.22,0.3992883851157867,65748992.0,1.0,49.625721000000006,6.158797166666667,351.8
3849,,,,,,,,,,,,,,,,0.0398828983306884,8184.0,,,,,,,,,,,,,,,,
4143,196.0,382.0,2.0,5.0,0.0,0.0,0.0,0.0,0.0,1.7400000000000002,0.666232417407592,54546432.0,49.627325166666665,6.159173,349.0,,,,,,,,,,,,,,,,,,
4388,,,,,,,,,,,,,,,,0.0791006088256836,8184.0,,,,,,,,,,,,,,,,
4632,,,,,,,,,,,,,,,,,,3564.0,5606.0,46.0,49.0,0.0,0.0,0.0,0.0,0.0,0.22,0.3992883851157867,65748992.0,1.0,49.625722,6.158789166666666,352.6
4870,,,,,,,,,,,,,,,,0.0606098175048828,8184.0,,,,,,,,,,,,,,,,
5157,6283.0,3903.0,22.0,23.0,0.0,0.0,0.0,0.0,0.0,1.7400000000000002,0.666232417407592,54546432.0,49.627324833333326,6.159172333333333,348.8,,,,,,,,,,,,,,,,,,
5388,,,,,,,,,,,,,,,,0.0777301788330078,8184.0,,,,,,,,,,,,,,,,
5710,,,,,,,,,,,,,,,,,,4525.0,8006.0,27.0,41.0,0.0,0.0,0.0,0.0,0.0,0.22,0.3992883851157867,65748992.0,1.0,49.625720666666666,6.158795,352.0
6157,54685.0,27219.0,35.0,34.0,0.0,0.0,0.0,0.0,0.0,1.7400000000000002,0.666232417407592,54546432.0,49.62732666666668,6.1591695,348.8,,,,,,,,,,,,,,,,,,
6245,,,,,,,,,,,,,,,,0.4358880519866943,8184.0,,,,,,,,,,,,,,,,
6349,,,,,,,,,,,,,,,,0.0399959087371826,8184.0,,,,,,,,,,,,,,,,
6624,,,,,,,,,,,,,,,,,,5179.0,15547.0,39.0,43.0,0.0,0.0,0.0,0.0,0.0,0.22,0.3992883851157867,65748992.0,1.0,49.62571916666668,6.1587975,351.7
6859,,,,,,,,,,,,,,,,0.0491509437561035,8184.0,,,,,,,,,,,,,,,,
7161,34576.0,17964.0,20.0,20.0,0.0,0.0,0.0,0.0,0.0,1.7400000000000002,0.666232417407592,54546432.0,49.627328000000006,6.159165166666666,348.7,,,,,,,,,,,,,,,,,,
7361,,,,,,,,,,,,,,,,0.0523927211761474,8184.0,,,,,,,,,,,,,,,,
7628,,,,,,,,,,,,,,,,,,42908.0,45938.0,43.0,42.0,0.0,0.0,0.0,0.0,0.0,0.22,0.3992883851157867,65748992.0,1.0,49.62571849999999,6.1588018333333325,351.3
7844,,,,,,,,,,,,,,,,0.0352990627288818,8184.0,,,,,,,,,,,,,,,,
8148,37796.0,18616.0,29.0,29.0,0.0,0.0,0.0,0.0,0.0,1.7400000000000002,0.666232417407592,54546432.0,49.6273295,6.159161500000001,348.7,,,,,,,,,,,,,,,,,,
8364,,,,,,,,,,,,,,,,0.0549647808074951,8184.0,,,,,,,,,,,,,,,,
8624,,,,,,,,,,,,,,,,,,18328.0,35566.0,24.0,34.0,0.0,0.0,0.0,0.0,0.0,0.22,0.3992883851157867,65748992.0,1.0,49.6257145,6.158809666666667,350.5
8827,,,,,,,,,,,,,,,,0.0175371170043945,8184.0,,,,,,,,,,,,,,,,
9159,34460.0,17866.0,18.0,19.0,0.0,0.0,0.0,0.0,0.0,1.7400000000000002,0.666232417407592,54546432.0,49.62733016666666,6.159157166666668,348.6,,,,,,,,,,,,,,,,,,
9320,,,,,,,,,,,,,,,,0.0114102363586425,8184.0,,,,,,,,,,,,,,,,
9631,,,,,,,,,,,,,,,,,,18912.0,35788.0,34.0,40.0,0.0,0.0,0.0,0.0,0.0,0.22,0.3992883851157867,65748992.0,1.0,49.62571066666666,6.158816833333333,349.8
9830,,,,,,,,,,,,,,,,0.0215826034545898,8184.0,,,,,,,,,,,,,,,,
10155,35866.0,18239.0,23.0,24.0,0.0,0.0,0.0,0.0,0.0,1.7400000000000002,0.666232417407592,54546432.0,49.62733166666667,6.1591535,348.5,,,,,,,,,,,,,,,,,,
10408,,,,,,,,,,,,,,,,0.097963809967041,8184.0,,,,,,,,,,,,,,,,
10631,,,,,,,,,,,,,,,,,,29674.0,36184.0,33.0,40.0,0.0,0.0,0.0,0.0,0.0,0.22,0.3992883851157867,65748992.0,1.0,49.625708,6.1588225,349.2
10869,,,,,,,,,,,,,,,,0.0616731643676757,8184.0,,,,,,,,,,,,,,,,
11154,34877.0,18263.0,25.0,25.0,0.0,0.0,0.0,0.0,0.0,1.7400000000000002,0.666232417407592,54546432.0,49.627332333333335,6.159147666666667,348.4,,,,,,,,,,,,,,,,,,
11334,,,,,,,,,,,,,,,,0.0244932174682617,8184.0,,,,,,,,,,,,,,,,
11625,,,,,,,,,,,,,,,,,,18909.0,36804.0,32.0,38.0,0.0,0.0,0.0,0.0,0.0,0.22,0.3992883851157867,65748992.0,1.0,49.62570633333333,6.158827166666667,348.8
11869,,,,,,,,,,,,,,,,0.0600004196166992,8184.0,,,,,,,,,,,,,,,,
12152,35731.0,17768.0,21.0,17.0,0.0,0.0,0.0,0.0,0.0,1.7400000000000002,0.666232417407592,54546432.0,49.62733166666667,6.159144166666666,347.9,,,,,,,,,,,,,,,,,,
12337,,,,,,,,,,,,,,,,0.0286698341369628,8184.0,,,,,,,,,,,,,,,,
12628,,,,,,,,,,,,,,,,,,29702.0,36475.0,37.0,47.0,0.0,0.0,0.0,0.0,0.0,0.22,0.3992883851157867,65748992.0,1.0,49.62570283333333,6.158831500000001,348.4
12845,,,,,,,,,,,,,,,,0.035984992980957,8184.0,,,,,,,,,,,,,,,,
13157,35104.0,18394.0,27.0,26.0,0.0,0.0,0.0,0.0,0.0,1.7400000000000002,0.666232417407592,54546432.0,49.627332333333335,6.159139000000001,347.8,,,,,,,,,,,,,,,,,,
13379,,,,,,,,,,,,,,,,0.0697946548461914,8184.0,,,,,,,,,,,,,,,,
13627,,,,,,,,,,,,,,,,,,18932.0,37166.0,30.0,39.0,0.0,0.0,0.0,0.0,0.0,0.22,0.3992883851157867,65748992.0,1.0,49.62569983333333,6.1588338333333335,348.1
13876,,,,,,,,,,,,,,,,0.0671892166137695,8184.0,,,,,,,,,,,,,,,,
14150,34496.0,17510.0,18.0,13.0,0.0,0.0,0.0,0.0,0.0,1.7400000000000002,0.666232417407592,54546432.0,49.62733416666666,6.159135833333333,347.6,,,,,,,,,,,,,,,,,,
14348,,,,,,,,,,,,,,,,0.0393917560577392,8184.0,,,,,,,,,,,,,,,,
14636,,,,,,,,,,,,,,,,,,20460.0,37408.0,42.0,50.0,0.0,0.0,0.0,0.0,0.0,0.22,0.3992883851157867,65748992.0,1.0,49.62570000000001,6.158839666666667,347.7
14871,,,,,,,,,,,,,,,,0.0628681182861328,8184.0,,,,,,,,,,,,,,,,
15154,34715.0,17639.0,22.0,15.0,0.0,0.0,0.0,0.0,0.0,1.7400000000000002,0.666232417407592,54546432.0,49.62733433333333,6.159132166666666,347.3,,,,,,,,,,,,,,,,,,
15620,,,,,,,,,,,,,,,,0.3106000423431396,8184.0,,,,,,,,,,,,,,,,
15631,,,,,,,,,,,,,,,,,,27252.0,36233.0,27.0,40.0,0.0,0.0,0.0,0.0,0.0,0.22,0.3992883851157867,65748992.0,1.0,49.62569783333333,6.158846999999999,347.0
15975,,,,,,,,,,,,,,,,0.1669282913208007,8184.0,,,,,,,,,,,,,,,,
16156,34877.0,17867.0,25.0,19.0,0.0,0.0,0.0,0.0,0.0,1.7400000000000002,0.666232417407592,54546432.0,49.62733433333333,6.1591285000000005,347.1,,,,,,,,,,,,,,,,,,
16447,,,,,,,,,,,,,,,,0.1377584934234619,8184.0,,,,,,,,,,,,,,,,
16634,,,,,,,,,,,,,,,,,,21419.0,42379.0,64.0,69.0,0.0,0.0,0.0,0.0,0.0,0.22,0.3992883851157867,65748992.0,1.0,49.62570033333333,6.1588485,347.0
16988,,,,,,,,,,,,,,,,0.1787183284759521,8184.0,,,,,,,,,,,,,,,,
17157,34580.0,17372.0,20.0,11.0,0.0,0.0,0.0,0.0,0.0,1.7400000000000002,0.666232417407592,54546432.0,49.627333,6.159124666666666,346.7,,,,,,,,,,,,,,,,,,
17642,,,,,,,,,,,,,,,,0.3336107730865478,8184.0,,,,,,,,,,,,,,,,
17818,,,,,,,,,,,,,,,,,,27161.0,35905.0,30.0,40.0,0.0,0.0,0.0,0.0,0.0,0.22,0.3992883851157867,65748992.0,1.0,49.62569933333332,6.158853166666668,346.6
18158,37769.0,18714.0,29.0,30.0,0.0,0.0,0.0,0.0,0.0,1.7400000000000002,0.666232417407592,54546432.0,49.6273335,6.159121000000001,346.4,,,,,,,,,,,,,,,,,,
18518,,,,,,,,,,,,,,,,0.7103638648986816,8184.0,,,,,,,,,,,,,,,,
18565,,,,,,,,,,,,,,,,0.2546427249908447,8184.0,,,,,,,,,,,,,,,,
18653,,,,,,,,,,,,,,,,,,18415.0,26626.0,22.0,30.0,0.0,0.0,0.0,0.0,0.0,0.22,0.3992883851157867,65748992.0,1.0,49.625699,6.158857666666667,346.2
18862,,,,,,,,,,,,,,,,0.0532474517822265,8184.0,,,,,,,,,,,,,,,,
19160,33345.0,17774.0,17.0,17.0,0.0,0.0,0.0,0.0,0.0,1.7400000000000002,0.666232417407592,54546432.0,49.62733516666667,6.159116833333333,346.4,,,,,,,,,,,,,,,,,,
19392,,,,,,,,,,,,,,,,0.0830850601196289,8184.0,,,,,,,,,,,,,,,,
19852,,,,,,,,,,,,,,,,0.043872594833374,8184.0,,,,,,,,,,,,,,,,
19869,,,,,,,,,,,,,,,,,,28008.0,46684.0,43.0,53.0,0.0,0.0,0.0,0.0,0.0,0.22,0.3992883851157867,65748992.0,1.0,49.62570283333333,6.158854333333333,346.7
20163,31589.0,17673.0,19.0,16.0,0.0,0.0,0.0,0.0,0.0,1.7400000000000002,0.666232417407592,54546432.0,49.6273365,6.159111166666666,346.2,,,,,,,,,,,,,,,,,,
20363,,,,,,,,,,,,,,,,0.0543434619903564,8184.0,,,,,,,,,,,,,,,,
20755,,,,,,,,,,,,,,,,,,27388.0,47160.0,37.0,43.0,0.0,0.0,0.0,0.0,0.0,0.22,0.3992883851157867,65748992.0,1.0,49.62570283333333,6.158854000000001,346.7
20858,,,,,,,,,,,,,,,,0.0482261180877685,8184.0,,,,,,,,,,,,,,,,
21161,39134.0,18794.0,29.0,33.0,0.0,0.0,0.0,0.0,0.0,1.7400000000000002,0.666232417407592,54546432.0,49.62733616666666,6.159106,346.0,,,,,,,,,,,,,,,,,,
21345,,,,,,,,,,,,,,,,0.0363478660583496,8184.0,,,,,,,,,,,,,,,,
21630,,,,,,,,,,,,,,,,,,19185.0,23462.0,35.0,38.0,0.0,0.0,0.0,0.0,0.0,0.22,0.3992883851157867,65748992.0,1.0,49.62570300000001,6.158860499999999,346.2
21920,,,,,,,,,,,,,,,,0.1101288795471191,8184.0,,,,,,,,,,,,,,,,
22153,34678.0,17608.0,21.0,14.0,0.0,0.0,0.0,0.0,0.0,1.7400000000000002,0.666232417407592,54546432.0,49.627335666666674,6.159102,345.8,,,,,,,,,,,,,,,,,,
22359,,,,,,,,,,,,,,,,0.0503408908843994,8184.0,,,,,,,,,,,,,,,,
22624,,,,,,,,,,,,,,,,,,27264.0,48481.0,32.0,43.0,0.0,0.0,0.0,0.0,0.0,0.22,0.3992883851157867,65748992.0,1.0,49.625704,6.158858,346.4
22920,,,,,,,,,,,,,,,,0.1118314266204834,8184.0,,,,,,,,,,,,,,,,
23153,34940.0,18020.0,25.0,21.0,0.0,0.0,0.0,0.0,0.0,1.7400000000000002,0.666232417407592,54546432.0,49.62733783333333,6.159098500000001,345.7,,,,,,,,,,,,,,,,,,
23340,,,,,,,,,,,,,,,,0.0307412147521972,8184.0,,,,,,,,,,,,,,,,
23637,,,,,,,,,,,,,,,,,,31790.0,38359.0,34.0,41.0,0.0,0.0,0.0,0.0,0.0,0.22,0.3992883851157867,65748992.0,1.0,49.62571266666667,6.158824333333333,349.8
23842,,,,,,,,,,,,,,,,0.0326132774353027,8184.0,,,,,,,,,,,,,,,,
24152,35713.0,17786.0,20.0,17.0,0.0,0.0,0.0,0.0,0.0,1.7400000000000002,0.666232417407592,54546432.0,49.627338,6.1590948333333335,345.6,,,,,,,,,,,,,,,,,,
24363,,,,,,,,,,,,,,,,0.0540039539337158,8184.0,,,,,,,,,,,,,,,,
24633,,,,,,,,,,,,,,,,,,18658.0,36208.0,30.0,45.0,0.0,0.0,0.0,0.0,0.0,0.22,0.3992883851157867,65748992.0,1.0,49.625720666666666,6.158794499999999,352.8
24860,,,,,,,,,,,,,,,,0.0515429973602294,8184.0,,,,,,,,,,,,,,,,
25159,34715.0,18101.0,22.0,22.0,0.0,0.0,0.0,0.0,0.0,1.7400000000000002,0.666232417407592,54546432.0,49.627337,6.1590915,345.4,,,,,,,,,,,,,,,,,,
25342,,,,,,,,,,,,,,,,0.0317928791046142,8184.0,,,,,,,,,,,,,,,,
25629,,,,,,,,,,,,,,,,,,27227.0,36953.0,29.0,37.0,0.0,0.0,0.0,0.0,0.0,0.22,0.3992883851157867,65748992.0,1.0,49.62572216666668,6.158793666666666,352.9
25911,,,,,,,,,,,,,,,,0.1023838520050048,8184.0,,,,,,,,,,,,,,,,
26156,35565.0,18951.0,33.0,33.0,0.0,0.0,0.0,0.0,0.0,1.7400000000000002,0.666232417407592,54546432.0,49.62733833333333,6.1590875,345.4,,,,,,,,,,,,,,,,,,
26361,,,,,,,,,,,,,,,,0.0529878139495849,8184.0,,,,,,,,,,,,,,,,
26627,,,,,,,,,,,,,,,,,,19385.0,35835.0,37.0,38.0,0.0,0.0,0.0,0.0,0.0,0.22,0.3992883851157867,65748992.0,1.0,49.62572716666667,6.158782500000001,354.1
26828,,,,,,,,,,,,,,,,0.0186030864715576,8184.0,,,,,,,,,,,,,,,,
27160,34580.0,17966.0,20.0,20.0,0.0,0.0,0.0,0.0,0.0,1.7400000000000002,0.666232417407592,54546432.0,49.62733916666666,6.159083666666667,345.2,,,,,,,,,,,,,,,,,,
27332,,,,,,,,,,,,,,,,0.0240936279296875,8184.0,,,,,,,,,,,,,,,,
27634,,,,,,,,,,,,,,,,,,32633.0,42987.0,75.0,77.0,0.0,0.0,0.0,0.0,0.0,0.22,0.3992883851157867,65748992.0,1.0,49.62573,6.158779166666666,354.4
27825,,,,,,,,,,,,,,,,0.0168206691741943,8184.0,,,,,,,,,,,,,,,,
28153,36255.0,18592.0,28.0,29.0,0.0,0.0,0.0,0.0,0.0,1.7400000000000002,0.666232417407592,54546432.0,49.627339,6.159080333333333,345.2,,,,,,,,,,,,,,,,,,
28328,,,,,,,,,,,,,,,,0.0186741352081298,8184.0,,,,,,,,,,,,,,,,
28630,,,,,,,,,,,,,,,,,,18432.0,35282.0,25.0,30.0,0.0,0.0,0.0,0.0,0.0,0.22,0.3992883851157867,65748992.0,1.0,49.62573066666667,6.158786666666667,353.7
28838,,,,,,,,,,,,,,,,0.0290212631225585,8184.0,,,,,,,,,,,,,,,,
29159,34496.0,17906.0,18.0,19.0,0.0,0.0,0.0,0.0,0.0,1.7400000000000002,0.666232417407592,54546432.0,49.62733849999999,6.159077333333332,345.1,,,,,,,,,,,,,,,,,,
29375,,,,,,,,,,,,,,,,0.0647130012512207,8184.0,,,,,,,,,,,,,,,,
29632,,,,,,,,,,,,,,,,,,19590.0,37909.0,41.0,51.0,0.0,0.0,0.0,0.0,0.0,0.22,0.3992883851157867,65748992.0,1.0,49.625732,6.158787166666667,353.6
29835,,,,,,,,,,,,,,,,0.0272414684295654,8184.0,,,,,,,,,,,,,,,,
30158,34715.0,18101.0,22.0,22.0,0.0,0.0,0.0,0.0,0.0,1.7400000000000002,0.666232417407592,54546432.0,49.62733883333333,6.1590723333333335,344.9,,,,,,,,,,,,,,,,,,
30329,,,,,,,,,,,,,,,,0.0189664363861084,8184.0,,,,,,,,,,,,,,,,
30634,,,,,,,,,,,,,,,,,,29424.0,36024.0,31.0,38.0,0.0,0.0,0.0,0.0,0.0,0.22,0.3992883851157867,65748992.0,1.0,49.625732500000005,6.158787000000001,353.6
30829,,,,,,,,,,,,,,,,0.0218913555145263,8184.0,,,,,,,,,,,,,,,,
31158,34877.0,18263.0,25.0,25.0,0.0,0.0,0.0,0.0,0.0,1.7400000000000002,0.666232417407592,54546432.0,49.62733883333333,6.159068500000001,344.8,,,,,,,,,,,,,,,,,,
31351,,,,,,,,,,,,,,,,0.0420870780944824,8184.0,,,,,,,,,,,,,,,,
31635,,,,,,,,,,,,,,,,,,18667.0,35567.0,30.0,36.0,0.0,0.0,0.0,0.0,0.0,0.22,0.3992883851157867,65748992.0,1.0,49.625733833333335,6.158788500000001,353.5
31854,,,,,,,,,,,,,,,,0.0441675186157226,8184.0,,,,,,,,,,,,,,,,
32156,34580.0,17966.0,20.0,20.0,0.0,0.0,0.0,0.0,0.0,1.7400000000000002,0.666232417407592,54546432.0,49.62734,6.1590645,344.8,,,,,,,,,,,,,,,,,,
32335,,,,,,,,,,,,,,,,0.0256805419921875,8184.0,,,,,,,,,,,,,,,,
32637,,,,,,,,,,,,,,,,,,31668.0,40555.0,49.0,51.0,0.0,0.0,0.0,0.0,0.0,0.22,0.3992883851157867,65748992.0,1.0,49.62574033333333,6.158768166666666,355.6
32826,,,,,,,,,,,,,,,,0.0172889232635498,8184.0,,,,,,,,,,,,,,,,
33153,35104.0,18118.0,27.0,22.0,0.0,0.0,0.0,0.0,0.0,1.7400000000000002,0.666232417407592,54546432.0,49.62734050000001,6.159060833333332,344.8,,,,,,,,,,,,,,,,,,
33337,,,,,,,,,,,,,,,,0.0267145633697509,8184.0,,,,,,,,,,,,,,,,
33648,,,,,,,,,,,,,,,,,,18343.0,34993.0,24.0,27.0,0.0,0.0,0.0,0.0,0.0,0.22,0.3992883851157867,65748992.0,1.0,49.62574416666666,6.1587545,357.0
33943,,,,,,,,,,,,,,,,0.1338632106781005,8184.0,,,,,,,,,,,,,,,,
34153,34496.0,17510.0,18.0,13.0,0.0,0.0,0.0,0.0,0.0,1.7400000000000002,0.666232417407592,54546432.0,49.62734183333334,6.159057,344.8,,,,,,,,,,,,,,,,,,
34377,,,,,,,,,,,,,,,,0.0666394233703613,8184.0,,,,,,,,,,,,,,,,
34629,,,,,,,,,,,,,,,,,,29693.0,36612.0,37.0,50.0,0.0,0.0,0.0,0.0,0.0,0.22,0.3992883851157867,65748992.0,1.0,49.62574883333333,6.158741,358.4
34837,,,,,,,,,,,,,,,,0.0277380943298339,8184.0,,,,,,,,,,,,,,,,
35154,34715.0,17903.0,22.0,19.0,0.0,0.0,0.0,0.0,0.0,1.7400000000000002,0.666232417407592,54546432.0,49.62734233333334,6.159051666666667,344.7,,,,,,,,,,,,,,,,,,
35332,,,,,,,,,,,,,,,,0.0224545001983642,8184.0,,,,,,,,,,,,,,,,
35647,,,,,,,,,,,,,,,,,,18573.0,36081.0,23.0,37.0,0.0,0.0,0.0,0.0,0.0,0.22,0.3992883851157867,65748992.0,1.0,49.625749,6.158745166666667,358.0
35844,,,,,,,,,,,,,,,,0.0337789058685302,8184.0,,,,,,,,,,,,,,,,
36155,36028.0,18341.0,26.0,26.0,0.0,0.0,0.0,0.0,0.0,1.7400000000000002,0.666232417407592,54546432.0,49.627343833333335,6.159047333333333,344.8,,,,,,,,,,,,,,,,,,
36339,,,,,,,,,,,,,,,,0.0295212268829345,8184.0,,,,,,,,,,,,,,,,
36627,,,,,,,,,,,,,,,,,,18857.0,35983.0,30.0,40.0,0.0,0.0,0.0,0.0,0.0,0.22,0.3992883851157867,65748992.0,1.0,49.62575116666667,6.158736166666667,359.0
36848,,,,,,,,,,,,,,,,0.0389823913574218,8184.0,,,,,,,,,,,,,,,,
37145,34580.0,17966.0,20.0,20.0,0.0,0.0,0.0,0.0,0.0,1.7400000000000002,0.666232417407592,54546432.0,49.62734283333332,6.159043666666667,344.8,,,,,,,,,,,,,,,,,,
37435,,,,,,,,,,,,,,,,0.1257352828979492,8184.0,,,,,,,,,,,,,,,,
37640,,,,,,,,,,,,,,,,,,34751.0,44037.0,70.0,74.0,0.0,0.0,0.0,0.0,0.0,0.22,0.3992883851157867,65748992.0,1.0,49.625752,6.158731333333333,359.5
37829,,,,,,,,,,,,,,,,0.0214929580688476,8184.0,,,,,,,,,,,,,,,,
38152,35104.0,18118.0,27.0,22.0,0.0,0.0,0.0,0.0,0.0,1.7400000000000002,0.666232417407592,54546432.0,49.627344166666674,6.1590438333333335,344.9,,,,,,,,,,,,,,,,,,
38327,,,,,,,,,,,,,,,,0.0176148414611816,8184.0,,,,,,,,,,,,,,,,
38629,,,,,,,,,,,,,,,,,,26897.0,49134.0,72.0,80.0,0.0,0.0,0.0,0.0,0.0,0.22,0.3992883851157867,65748992.0,1.0,49.62575433333333,6.158729666666667,359.7
38833,,,,,,,,,,,,,,,,0.0236773490905761,8184.0,,,,,,,,,,,,,,,,
39161,35647.0,17378.0,19.0,11.0,0.0,0.0,0.0,0.0,0.0,1.7400000000000002,0.666232417407592,54546432.0,49.62734350000001,6.159042,344.8,,,,,,,,,,,,,,,,,,
39324,,,,,,,,,,,,,,,,0.0149345397949218,8184.0,,,,,,,,,,,,,,,,
39643,,,,,,,,,,,,,,,,,,31246.0,40906.0,57.0,62.0,0.0,0.0,0.0,0.0,0.0,0.22,0.3992883851157867,65748992.0,1.0,49.62575766666667,6.158724333333334,360.3
39826,,,,,,,,,,,,,,,,0.0161499977111816,8184.0,,,,,,,,,,,,,,,,
40156,34715.0,18251.0,22.0,24.0,0.0,0.0,0.0,0.0,0.0,1.7400000000000002,0.666232417407592,54546432.0,49.627345,6.159039166666668,344.9,,,,,,,,,,,,,,,,,,
40323,,,,,,,,,,,,,,,,0.0153651237487792,8184.0,,,,,,,,,,,,,,,,
40628,,,,,,,,,,,,,,,,,,31314.0,49992.0,70.0,86.0,0.0,0.0,0.0,0.0,0.0,0.22,0.3992883851157867,65748992.0,1.0,49.62575916666666,6.158722833333333,360.6
40829,,,,,,,,,,,,,,,,0.0203900337219238,8184.0,,,,,,,,,,,,,,,,
41156,34811.0,17867.0,24.0,19.0,0.0,0.0,0.0,0.0,0.0,1.7400000000000002,0.666232417407592,54546432.0,49.62734433333333,6.159036666666666,344.8,,,,,,,,,,,,,,,,,,
41327,,,,,,,,,,,,,,,,0.0191211700439453,8184.0,,,,,,,,,,,,,,,,
41636,,,,,,,,,,,,,,,,,,19015.0,36217.0,31.0,42.0,0.0,0.0,0.0,0.0,0.0,0.22,0.3992883851157867,65748992.0,1.0,49.62576083333333,6.1587205,360.9
41841,,,,,,,,,,,,,,,,0.0307810306549072,8184.0,,,,,,,,,,,,,,,,
42151,34580.0,17504.0,20.0,13.0,0.0,0.0,0.0,0.0,0.0,1.7400000000000002,0.666232417407592,54546432.0,49.627343,6.159036,344.8,,,,,,,,,,,,,,,,,,
42328,,,,,,,,,,,,,,,,0.0188887119293212,8184.0,,,,,,,,,,,,,,,,
42636,,,,,,,,,,,,,,,,,,29212.0,36009.0,30.0,41.0,0.0,0.0,0.0,0.0,0.0,0.22,0.3992883851157867,65748992.0,1.0,49.6257625,6.158720333333334,361.0
42825,,,,,,,,,,,,,,,,0.0155880451202392,8184.0,,,,,,,,,,,,,,,,
43153,35038.0,18052.0,26.0,21.0,0.0,0.0,0.0,0.0,0.0,1.7400000000000002,0.666232417407592,54546432.0,49.627343,6.159034000000001,345.0,,,,,,,,,,,,,,,,,,
43339,,,,,,,,,,,,,,,,0.0304007530212402,8184.0,,,,,,,,,,,,,,,,
43635,,,,,,,,,,,,,,,,,,17762.0,35246.0,16.0,30.0,0.0,0.0,0.0,0.0,0.0,0.22,0.3992883851157867,65748992.0,1.0,49.62576333333333,6.1587205,361.0
43827,,,,,,,,,,,,,,,,0.0182275772094726,8184.0,,,,,,,,,,,,,,,,
44153,34562.0,17708.0,19.0,16.0,0.0,0.0,0.0,0.0,0.0,1.7400000000000002,0.666232417407592,54546432.0,49.62734149999999,6.159031333333333,345.1,,,,,,,,,,,,,,,,,,
44326,,,,,,,,,,,,,,,,0.0165789127349853,8184.0,,,,,,,,,,,,,,,,
44629,,,,,,,,,,,,,,,,,,29877.0,36734.0,39.0,51.0,0.0,0.0,0.0,0.0,0.0,0.22,0.3992883851157867,65748992.0,1.0,49.625765666666666,6.158721166666667,361.1
44889,,,,,,,,,,,,,,,,0.0815463066101074,8184.0,,,,,,,,,,,,,,,,
45162,34715.0,18101.0,22.0,22.0,0.0,0.0,0.0,0.0,0.0,1.7400000000000002,0.666232417407592,54546432.0,49.62734016666666,6.159027833333332,345.0,,,,,,,,,,,,,,,,,,
45358,,,,,,,,,,,,,,,,0.0491294860839843,8184.0,,,,,,,,,,,,,,,,
45631,,,,,,,,,,,,,,,,,,23471.0,45075.0,38.0,52.0,0.0,0.0,0.0,0.0,0.0,0.22,0.3992883851157867,65748992.0,1.0,49.62576850000001,6.1587145,361.8
45823,,,,,,,,,,,,,,,,0.0143296718597412,8184.0,,,,,,,,,,,,,,,,
46154,34877.0,18263.0,25.0,25.0,0.0,0.0,0.0,0.0,0.0,1.7400000000000002,0.666232417407592,54546432.0,49.627338666666674,6.159024166666668,345.0,,,,,,,,,,,,,,,,,,
46323,,,,,,,,,,,,,,,,0.0129082202911376,8184.0,,,,,,,,,,,,,,,,
46638,,,,,,,,,,,,,,,,,,19403.0,35648.0,38.0,37.0,0.0,0.0,0.0,0.0,0.0,0.22,0.3992883851157867,65748992.0,1.0,49.6257695,6.158716833333333,361.6
46855,,,,,,,,,,,,,,,,0.0455334186553955,8184.0,,,,,,,,,,,,,,,,
47152,35731.0,18044.0,21.0,21.0,0.0,0.0,0.0,0.0,0.0,1.7400000000000002,0.666232417407592,54546432.0,49.62734050000001,6.159020666666667,345.3,,,,,,,,,,,,,,,,,,
47329,,,,,,,,,,,,,,,,0.022287368774414,8184.0,,,,,,,,,,,,,,,,
47630,,,,,,,,,,,,,,,,,,27835.0,36435.0,39.0,47.0,0.0,0.0,0.0,0.0,0.0,0.22,0.3992883851157867,65748992.0,1.0,49.625770333333335,6.158714333333334,361.9
47838,,,,,,,,,,,,,,,,0.028848648071289,8184.0,,,,,,,,,,,,,,,,
48144,35038.0,18118.0,26.0,22.0,0.0,0.0,0.0,0.0,0.0,1.7400000000000002,0.666232417407592,54546432.0,49.62733833333333,6.159017666666667,345.2,,,,,,,,,,,,,,,,,,
48336,,,,,,,,,,,,,,,,0.0291059017181396,8184.0,,,,,,,,,,,,,,,,
48633,,,,,,,,,,,,,,,,,,19146.0,37396.0,33.0,42.0,0.0,0.0,0.0,0.0,0.0,0.22,0.3992883851157867,65748992.0,1.0,49.62577083333334,6.158713500000001,362.1
48830,,,,,,,,,,,,,,,,0.0209591388702392,8184.0,,,,,,,,,,,,,,,,
49155,34496.0,17444.0,18.0,12.0,0.0,0.0,0.0,0.0,0.0,1.7400000000000002,0.666232417407592,54546432.0,49.62733616666666,6.159014999999999,345.2,,,,,,,,,,,,,,,,,,
49341,,,,,,,,,,,,,,,,0.0331380367279052,8184.0,,,,,,,,,,,,,,,,
49635,,,,,,,,,,,,,,,,,,27550.0,36206.0,36.0,44.0,0.0,0.0,0.0,0.0,0.0,0.22,0.3992883851157867,65748992.0,1.0,49.625772000000005,6.158712666666665,362.2
49829,,,,,,,,,,,,,,,,0.0201442241668701,8184.0,,,,,,,,,,,,,,,,
50158,34715.0,17903.0,22.0,19.0,0.0,0.0,0.0,0.0,0.0,1.7400000000000002,0.666232417407592,54546432.0,49.6273345,6.159012,345.1,,,,,,,,,,,,,,,,,,
50339,,,,,,,,,,,,,,,,0.0291578769683837,8184.0,,,,,,,,,,,,,,,,
50631,,,,,,,,,,,,,,,,,,20639.0,42077.0,53.0,63.0,0.0,0.0,0.0,0.0,0.0,0.22,0.3992883851157867,65748992.0,1.0,49.625772000000005,6.158718833333334,361.6
50828,,,,,,,,,,,,,,,,0.0201709270477294,8184.0,,,,,,,,,,,,,,,,
51160,34811.0,18263.0,24.0,25.0,0.0,0.0,0.0,0.0,0.0,1.7400000000000002,0.666232417407592,54546432.0,49.6273335,6.1590083333333325,345.2,,,,,,,,,,,,,,,,,,
51326,,,,,,,,,,,,,,,,0.01711106300354,8184.0,,,,,,,,,,,,,,,,
51633,,,,,,,,,,,,,,,,,,29930.0,36302.0,38.0,44.0,0.0,0.0,0.0,0.0,0.0,0.22,0.3992883851157867,65748992.0,1.0,49.62577383333334,6.158719166666667,361.7
51834,,,,,,,,,,,,,,,,0.0253570079803466,8184.0,,,,,,,,,,,,,,,,
52155,34580.0,17966.0,20.0,20.0,0.0,0.0,0.0,0.0,0.0,1.7400000000000002,0.666232417407592,54546432.0,49.62733016666666,6.159006166666668,345.1,,,,,,,,,,,,,,,,,,
52319,,,,,,,,,,,,,,,,0.0095736980438232,8184.0,,,,,,,,,,,,,,,,
52634,,,,,,,,,,,,,,,,,,18573.0,35601.0,29.0,36.0,0.0,0.0,0.0,0.0,0.0,0.22,0.3992883851157867,65748992.0,1.0,49.62577316666668,6.158725666666667,361.1
52825,,,,,,,,,,,,,,,,0.0153329372406005,8184.0,,,,,,,,,,,,,,,,
53156,35038.0,18118.0,26.0,22.0,0.0,0.0,0.0,0.0,0.0,1.7400000000000002,0.666232417407592,54546432.0,49.62732666666668,6.159003333333334,344.9,,,,,,,,,,,,,,,,,,
53336,,,,,,,,,,,,,,,,0.0273222923278808,8184.0,,,,,,,,,,,,,,,,
53632,,,,,,,,,,,,,,,,,,29417.0,35731.0,31.0,36.0,0.0,0.0,0.0,0.0,0.0,0.22,0.3992883851157867,65748992.0,1.0,49.62577516666667,6.1587206666666665,361.7
53820,,,,,,,,,,,,,,,,0.009469985961914,8184.0,,,,,,,,,,,,,,,,
54156,34562.0,17510.0,19.0,13.0,0.0,0.0,0.0,0.0,0.0,1.7400000000000002,0.666232417407592,54546432.0,49.62732433333334,6.159001166666667,345.0,,,,,,,,,,,,,,,,,,
54327,,,,,,,,,,,,,,,,0.0175073146820068,8184.0,,,,,,,,,,,,,,,,
54634,,,,,,,,,,,,,,,,,,18996.0,36136.0,33.0,43.0,0.0,0.0,0.0,0.0,0.0,0.22,0.3992883851157867,65748992.0,1.0,49.6257755,6.158721166666667,361.7
54827,,,,,,,,,,,,,,,,0.0180871486663818,8184.0,,,,,,,,,,,,,,,,
55153,35045.0,17971.0,23.0,20.0,0.0,0.0,0.0,0.0,0.0,1.7400000000000002,0.666232417407592,54546432.0,49.627323833333335,6.1589975,345.1,,,,,,,,,,,,,,,,,,
55322,,,,,,,,,,,,,,,,0.0131022930145263,8184.0,,,,,,,,,,,,,,,,
55639,,,,,,,,,,,,,,,,,,42879.0,39992.0,48.0,52.0,0.0,0.0,0.0,0.0,0.0,0.22,0.3992883851157867,65748992.0,1.0,49.62577633333333,6.158724333333334,361.5
55975,,,,,,,,,,,,,,,,0.166327953338623,8184.0,,,,,,,,,,,,,,,,
56156,34881.0,18265.0,25.0,25.0,0.0,0.0,0.0,0.0,0.0,1.7400000000000002,0.666232417407592,54546432.0,49.6273275,6.158996,345.4,,,,,,,,,,,,,,,,,,
56326,,,,,,,,,,,,,,,,0.0166718959808349,8184.0,,,,,,,,,,,,,,,,
56634,,,,,,,,,,,,,,,,,,29404.0,35929.0,33.0,40.0,0.0,0.0,0.0,0.0,0.0,0.22,0.3992883851157867,65748992.0,1.0,49.62577566666667,6.158736333333334,360.5
56821,,,,,,,,,,,,,,,,0.0107471942901611,8184.0,,,,,,,,,,,,,,,,
57154,34584.0,17968.0,20.0,20.0,0.0,0.0,0.0,0.0,0.0,1.7400000000000002,0.666232417407592,54546432.0,49.627329,6.158994833333333,345.7,,,,,,,,,,,,,,,,,,
57334,,,,,,,,,,,,,,,,0.0241227149963378,8184.0,,,,,,,,,,,,,,,,
57632,,,,,,,,,,,,,,,,,,18911.0,35821.0,32.0,38.0,0.0,0.0,0.0,0.0,0.0,0.22,0.3992883851157867,65748992.0,1.0,49.625777333333325,6.158731500000001,361.1
57833,,,,,,,,,,,,,,,,0.0236063003540039,8184.0,,,,,,,,,,,,,,,,
58154,36194.0,18264.0,27.0,24.0,0.0,0.0,0.0,0.0,0.0,1.7400000000000002,0.666232417407592,54546432.0,49.6273295,6.1589920000000005,346.0,,,,,,,,,,,,,,,,,,
58325,,,,,,,,,,,,,,,,0.0163288116455078,8184.0,,,,,,,,,,,,,,,,
58623,,,,,,,,,,,,,,,,,,31364.0,35655.0,30.0,35.0,0.0,0.0,0.0,0.0,0.0,0.22,0.3992883851157867,65748992.0,1.0,49.62577916666668,6.158726166666666,361.6
58836,,,,,,,,,,,,,,,,0.0266883373260498,8184.0,,,,,,,,,,,,,,,,
59155,34500.0,17908.0,18.0,19.0,0.0,0.0,0.0,0.0,0.0,1.7400000000000002,0.666232417407592,54546432.0,49.62732733333334,6.158989000000001,345.8,,,,,,,,,,,,,,,,,,
59342,,,,,,,,,,,,,,,,0.0332477092742919,8184.0,,,,,,,,,,,,,,,,
59632,,,,,,,,,,,,,,,,,,18931.0,38372.0,33.0,46.0,0.0,0.0,0.0,0.0,0.0,0.22,0.3992883851157867,65748992.0,1.0,49.625779,6.158730333333334,361.3
59892,,,,,,,,,,,,,,,,0.0832505226135253,8184.0,,,,,,,,,,,,,,,,
60160,34719.0,17905.0,22.0,19.0,0.0,0.0,0.0,0.0,0.0,1.7400000000000002,0.666232417407592,54546432.0,49.627323,6.1589855,345.7,,,,,,,,,,,,,,,,,,
60326,,,,,,,,,,,,,,,,0.0170965194702148,8184.0,,,,,,,,,,,,,,,,
60627,,,,,,,,,,,,,,,,,,18384.0,34928.0,24.0,25.0,0.0,0.0,0.0,0.0,0.0,0.22,0.3992883851157867,65748992.0,1.0,49.625778833333335,6.1587345,360.9
60824,,,,,,,,,,,,,,,,0.0161750316619873,8184.0,,,,,,,,,,,,,,,,
61158,35967.0,17881.0,25.0,19.0,0.0,0.0,0.0,0.0,0.0,1.7400000000000002,0.666232417407592,54546432.0,49.627320833333336,6.158983833333334,345.6,,,,,,,,,,,,,,,,,,
61333,,,,,,,,,,,,,,,,0.0238094329833984,8184.0,,,,,,,,,,,,,,,,
61635,,,,,,,,,,,,,,,,,,30414.0,42545.0,69.0,72.0,0.0,0.0,0.0,0.0,0.0,0.22,0.3992883851157867,65748992.0,1.0,49.625780166666665,6.158734833333333,360.9
61838,,,,,,,,,,,,,,,,0.0292727947235107,8184.0,,,,,,,,,,,,,,,,
62150,39126.0,17956.0,23.0,19.0,0.0,0.0,0.0,0.0,0.0,1.7400000000000002,0.666232417407592,54546432.0,49.62731900000001,6.158980166666667,345.6,,,,,,,,,,,,,,,,,,
62324,,,,,,,,,,,,,,,,0.0147814750671386,8184.0,,,,,,,,,,,,,,,,
62628,,,,,,,,,,,,,,,,,,18191.0,36743.0,23.0,37.0,0.0,0.0,0.0,0.0,0.0,0.22,0.3992883851157867,65748992.0,1.0,49.625781,6.158736666666666,360.7
62840,,,,,,,,,,,,,,,,0.0311534404754638,8184.0,,,,,,,,,,,,,,,,
63154,35042.0,18516.0,26.0,28.0,0.0,0.0,0.0,0.0,0.0,1.7400000000000002,0.666232417407592,54546432.0,49.62731516666666,6.158978666666667,345.5,,,,,,,,,,,,,,,,,,
63331,,,,,,,,,,,,,,,,0.0220422744750976,8184.0,,,,,,,,,,,,,,,,
63628,,,,,,,,,,,,,,,,,,27698.0,36442.0,33.0,43.0,0.0,0.0,0.0,0.0,0.0,0.22,0.3992883851157867,65748992.0,1.0,49.62578033333333,6.158743500000001,360.0
64107,,,,,,,,,,,,,,,,0.297501802444458,8184.0,,,,,,,,,,,,,,,,
64156,34500.0,17908.0,18.0,19.0,0.0,0.0,0.0,0.0,0.0,1.7400000000000002,0.666232417407592,54546432.0,49.62730966666666,6.158978500000001,345.5,,,,,,,,,,,,,,,,,,
64328,,,,,,,,,,,,,,,,0.0209879875183105,8184.0,,,,,,,,,,,,,,,,
64632,,,,,,,,,,,,,,,,,,19120.0,35750.0,36.0,39.0,0.0,0.0,0.0,0.0,0.0,0.22,0.3992883851157867,65748992.0,1.0,49.625780500000005,6.158744166666666,359.9
64827,,,,,,,,,,,,,,,,0.0184671878814697,8184.0,,,,,,,,,,,,,,,,
65160,34719.0,17905.0,22.0,19.0,0.0,0.0,0.0,0.0,0.0,1.7400000000000002,0.666232417407592,54546432.0,49.62730716666667,6.158976166666667,345.5,,,,,,,,,,,,,,,,,,
65328,,,,,,,,,,,,,,,,0.0183887481689453,8184.0,,,,,,,,,,,,,,,,
65630,,,,,,,,,,,,,,,,,,30402.0,36363.0,33.0,35.0,0.0,0.0,0.0,0.0,0.0,0.22,0.3992883851157867,65748992.0,1.0,49.625779,6.158748833333334,359.4
65826,,,,,,,,,,,,,,,,0.0172150135040283,8184.0,,,,,,,,,,,,,,,,
66155,37547.0,17973.0,27.0,20.0,0.0,0.0,0.0,0.0,0.0,1.7400000000000002,0.666232417407592,54546432.0,49.62729933333333,6.158975666666667,344.7,,,,,,,,,,,,,,,,,,
66324,,,,,,,,,,,,,,,,0.0144288539886474,8184.0,,,,,,,,,,,,,,,,
66654,,,,,,,,,,,,,,,,,,18471.0,35571.0,27.0,36.0,0.0,0.0,0.0,0.0,0.0,0.22,0.3992883851157867,65748992.0,1.0,49.6257795,6.158742000000001,360.1
66989,,,,,,,,,,,,,,,,0.1798939704895019,8184.0,,,,,,,,,,,,,,,,
67161,34584.0,17512.0,20.0,13.0,0.0,0.0,0.0,0.0,0.0,1.7400000000000002,0.666232417407592,54546432.0,49.62729883333333,6.158971499999999,344.9,,,,,,,,,,,,,,,,,,
67326,,,,,,,,,,,,,,,,0.0173370838165283,8184.0,,,,,,,,,,,,,,,,
67644,,,,,,,,,,,,,,,,,,27763.0,37174.0,35.0,41.0,0.0,0.0,0.0,0.0,0.0,0.22,0.3992883851157867,65748992.0,1.0,49.62578083333333,6.158730333333334,361.1
67848,,,,,,,,,,,,,,,,0.0392994880676269,8184.0,,,,,,,,,,,,,,,,
68158,35206.0,18086.0,28.0,21.0,0.0,0.0,0.0,0.0,0.0,1.7400000000000002,0.666232417407592,54546432.0,49.62729183333333,6.158969666666667,344.5,,,,,,,,,,,,,,,,,,
68326,,,,,,,,,,,,,,,,0.0173451900482177,8184.0,,,,,,,,,,,,,,,,
68624,,,,,,,,,,,,,,,,,,17830.0,35078.0,17.0,28.0,0.0,0.0,0.0,0.0,0.0,0.22,0.3992883851157867,65748992.0,1.0,49.625780500000005,6.158730333333334,361.1
68821,,,,,,,,,,,,,,,,0.0137233734130859,8184.0,,,,,,,,,,,,,,,,
69162,35554.0,17558.0,18.0,14.0,0.0,0.0,0.0,0.0,0.0,1.7400000000000002,0.666232417407592,54546432.0,49.6272825,6.158969666666667,343.9,,,,,,,,,,,,,,,,,,
69329,,,,,,,,,,,,,,,,0.0201878547668457,8184.0,,,,,,,,,,,,,,,,
69626,,,,,,,,,,,,,,,,,,29435.0,36296.0,33.0,46.0,0.0,0.0,0.0,0.0,0.0,0.22,0.3992883851157867,65748992.0,1.0,49.62578066666666,6.158733000000001,360.7
69831,,,,,,,,,,,,,,,,0.0209641456604003,8184.0,,,,,,,,,,,,,,,,
70160,34817.0,18003.0,23.0,20.0,0.0,0.0,0.0,0.0,0.0,1.7400000000000002,0.666232417407592,54546432.0,49.627276833333326,6.1589675,343.6,,,,,,,,,,,,,,,,,,
70450,,,,,,,,,,,,,,,,0.1412234306335449,8184.0,,,,,,,,,,,,,,,,
70621,,,,,,,,,,,,,,,,,,18278.0,36432.0,21.0,30.0,0.0,0.0,0.0,0.0,0.0,0.22,0.3992883851157867,65748992.0,1.0,49.6257815,6.158729333333334,361.0
70847,,,,,,,,,,,,,,,,0.0379514694213867,8184.0,,,,,,,,,,,,,,,,
71162,34783.0,17771.0,24.0,18.0,0.0,0.0,0.0,0.0,0.0,1.7400000000000002,0.666232417407592,54546432.0,49.6272705,6.158965,343.1,,,,,,,,,,,,,,,,,,
71348,,,,,,,,,,,,,,,,0.03837251663208,8184.0,,,,,,,,,,,,,,,,
71652,,,,,,,,,,,,,,,,,,18471.0,35485.0,27.0,35.0,0.0,0.0,0.0,0.0,0.0,0.22,0.3992883851157867,65748992.0,1.0,49.62578499999999,6.158716,362.4
71834,,,,,,,,,,,,,,,,0.0260725021362304,8184.0,,,,,,,,,,,,,,,,
72153,35736.0,17374.0,21.0,11.0,0.0,0.0,0.0,0.0,0.0,1.7400000000000002,0.666232417407592,54546432.0,49.62726533333333,6.1589633333333325,342.8,,,,,,,,,,,,,,,,,,
72332,,,,,,,,,,,,,,,,0.0233187675476074,8184.0,,,,,,,,,,,,,,,,
72667,,,,,,,,,,,,,,,,,,30378.0,38116.0,43.0,55.0,0.0,0.0,0.0,0.0,0.0,0.22,0.3992883851157867,65748992.0,1.0,49.62578983333333,6.158702666666667,363.7
72901,,,,,,,,,,,,,,,,0.09234619140625,8184.0,,,,,,,,,,,,,,,,
73156,35042.0,18594.0,26.0,29.0,0.0,0.0,0.0,0.0,0.0,1.7400000000000002,0.666232417407592,54546432.0,49.62726116666666,6.158961166666668,342.9,,,,,,,,,,,,,,,,,,
73339,,,,,,,,,,,,,,,,0.0288724899291992,8184.0,,,,,,,,,,,,,,,,
73650,,,,,,,,,,,,,,,,,,20336.0,41712.0,49.0,56.0,0.0,0.0,0.0,0.0,0.0,0.22,0.3992883851157867,65748992.0,1.0,49.6257925,6.158697166666667,364.3
73839,,,,,,,,,,,,,,,,0.0308363437652587,8184.0,,,,,,,,,,,,,,,,
74156,34566.0,17512.0,19.0,13.0,0.0,0.0,0.0,0.0,0.0,1.7400000000000002,0.666232417407592,54546432.0,49.62725683333333,6.158957666666667,342.7,,,,,,,,,,,,,,,,,,
74328,,,,,,,,,,,,,,,,0.0200059413909912,8184.0,,,,,,,,,,,,,,,,
74628,,,,,,,,,,,,,,,,,,29302.0,38138.0,47.0,58.0,0.0,0.0,0.0,0.0,0.0,0.22,0.3992883851157867,65748992.0,1.0,49.62579516666666,6.158690333333334,365.0
74924,,,,,,,,,,,,,,,,0.1145439147949218,8184.0,,,,,,,,,,,,,,,,
75158,34719.0,17905.0,22.0,19.0,0.0,0.0,0.0,0.0,0.0,1.7400000000000002,0.666232417407592,54546432.0,49.627252,6.158955333333334,342.5,,,,,,,,,,,,,,,,,,
75628,,,,,,,,,,,,,,,,,,18487.0,35466.0,22.0,30.0,0.0,0.0,0.0,0.0,0.0,0.22,0.3992883851157867,65748992.0,1.0,49.62579883333333,6.15868,366.1
76156,34881.0,18265.0,25.0,25.0,0.0,0.0,0.0,0.0,0.0,1.7400000000000002,0.666232417407592,54546432.0,49.627248,6.158952666666666,342.3,,,,,,,,,,,,,,,,,,
76763,,,,,,,,,,,,,,,,,,27362.0,35737.0,33.0,38.0,0.0,0.0,0.0,0.0,0.0,0.22,0.3992883851157867,65748992.0,1.0,49.62579866666667,6.158677666666667,366.3
76852,,,,,,,,,,,,,,,,1.5429883003234863,8184.0,,,,,,,,,,,,,,,,
76859,,,,,,,,,,,,,,,,1.0499205589294434,8184.0,,,,,,,,,,,,,,,,
77155,35638.0,17426.0,20.0,12.0,0.0,0.0,0.0,0.0,0.0,1.7400000000000002,0.666232417407592,54546432.0,49.62724383333333,6.158948999999999,341.7,,,,,,,,,,,,,,,,,,
77688,,,,,,,,,,,,,,,,1.3776004314422607,8184.0,,,,,,,,,,,,,,,,
78155,31830.0,17567.0,22.0,14.0,0.0,0.0,0.0,0.0,0.0,1.7400000000000002,0.666232417407592,54546432.0,49.62724216666667,6.158945166666666,341.7,,,,,,,,,,,,,,,,,,
78528,,,,,,,,,,,,,,,,1.7183988094329834,8184.0,,,,,,,,,,,,,,,,
78620,,,,,,,,,,,,,,,,,,18781.0,35672.0,31.0,37.0,0.0,0.0,0.0,0.0,0.0,0.22,0.3992883851157867,65748992.0,0.0,49.62579816666666,6.158679833333334,366.1
79160,24798.0,17702.0,14.0,15.0,0.0,0.0,0.0,0.0,0.0,1.7400000000000002,0.666232417407592,54546432.0,49.627239,6.158942333333332,341.4,,,,,,,,,,,,,,,,,,
79280,,,,,,,,,,,,,,,,1.9726173877716064,8184.0,,,,,,,,,,,,,,,,
79613,,,,,,,,,,,,,,,,,,20745.0,32189.0,53.0,52.0,0.0,0.0,0.0,0.0,0.0,0.22,0.3992883851157867,65748992.0,1.0,49.62579900000001,6.158679166666667,366.2
79781,,,,,,,,,,,,,,,,1.971502065658569,8184.0,,,,,,,,,,,,,,,,
80154,32182.0,17432.0,17.0,12.0,0.0,0.0,0.0,0.0,0.0,1.7400000000000002,0.666232417407592,54546432.0,49.62723416666666,6.158939833333333,341.1,,,,,,,,,,,,,,,,,,
80559,,,,,,,,,,,,,,,,2.2502002716064453,8184.0,,,,,,,,,,,,,,,,
80816,,,,,,,,,,,,,,,,,,23065.0,31663.0,27.0,34.0,0.0,0.0,0.0,0.0,0.0,0.22,0.3992883851157867,65748992.0,1.0,49.62579816666666,6.158683666666667,365.7
81156,32897.0,18300.0,27.0,25.0,0.0,0.0,0.0,0.0,0.0,1.7400000000000002,0.666232417407592,54546432.0,49.62722816666666,6.158941,340.9,,,,,,,,,,,,,,,,,,
81480,,,,,,,,,,,,,,,,,,19354.0,33768.0,37.0,39.0,0.0,0.0,0.0,0.0,0.0,0.22,0.3992883851157867,65748992.0,1.0,49.62579933333333,6.1586815,365.9
82155,27640.0,17282.0,14.0,10.0,0.0,0.0,0.0,0.0,0.0,1.7400000000000002,0.666232417407592,54546432.0,49.62722350000001,6.158939833333333,340.7,,,,,,,,,,,,,,,,,,
82724,,,,,,,,,,,,,,,,,,976.0,7071.0,13.0,18.0,0.0,0.0,0.0,0.0,0.0,0.22,0.3992883851157867,65748992.0,1.0,49.62579916666667,6.158684333333334,365.6
83154,18879.0,17296.0,12.0,10.0,0.0,0.0,0.0,0.0,0.0,1.7400000000000002,0.666232417407592,54546432.0,49.62721916666666,6.1589375,340.5,,,,,,,,,,,,,,,,,,
83792,,,,,,,,,,,,,,,,4.983270645141602,8184.0,,,,,,,,,,,,,,,,
84150,16929.0,16860.0,5.0,4.0,0.0,0.0,0.0,0.0,0.0,1.7400000000000002,0.666232417407592,54546432.0,49.62721583333334,6.1589350000000005,340.4,,,,,,,,,,,,,,,,,,
84222,,,,,,,,,,,,,,,,,,36310.0,54655.0,53.0,68.0,0.0,0.0,0.0,0.0,0.0,0.22,0.3992883851157867,65748992.0,0.0,49.6257975,6.158694166666667,364.6
85079,,,,,,,,,,,,,,,,5.770152807235718,8184.0,,,,,,,,,,,,,,,,
85133,,,,,,,,,,,,,,,,5.32465410232544,8184.0,,,,,,,,,,,,,,,,
85156,,,,,,,,,,,,,,,,4.846722364425659,8184.0,,,,,,,,,,,,,,,,
85158,21617.0,16986.0,11.0,6.0,0.0,0.0,0.0,0.0,0.0,1.7400000000000002,0.666232417407592,54546432.0,49.62721033333334,6.158933833333333,340.2,,,,,,,,,,,,,,,,,,
85528,,,,,,,,,,,,,,,,4.7196125984191895,8184.0,,,,,,,,,,,,,,,,
85561,,,,,,,,,,,,,,,,4.250903844833374,8184.0,,,,,,,,,,,,,,,,
85589,,,,,,,,,,,,,,,,3.77989673614502,8184.0,,,,,,,,,,,,,,,,
85703,,,,,,,,,,,,,,,,,,15889.0,15759.0,43.0,42.0,0.0,0.0,0.0,0.0,0.0,0.22,0.3992883851157867,65748992.0,0.0,49.62579349999999,6.158724166666667,361.7
85954,,,,,,,,,,,,,,,,3.644876718521118,8184.0,,,,,,,,,,,,,,,,
85983,,,,,,,,,,,,,,,,3.17374587059021,8184.0,,,,,,,,,,,,,,,,
86154,27017.0,18290.0,25.0,24.0,0.0,0.0,0.0,0.0,0.0,1.7400000000000002,0.666232417407592,54546432.0,49.62720733333334,6.1589315,340.2,,,,,,,,,,,,,,,,,,
86514,,,,,,,,,,,,,,,,3.205172538757324,8184.0,,,,,,,,,,,,,,,,
86515,,,,,,,,,,,,,,,,2.705518245697021,8184.0,,,,,,,,,,,,,,,,
86515,,,,,,,,,,,,,,,,2.204671859741211,8184.0,,,,,,,,,,,,,,,,
86515,,,,,,,,,,,,,,,,1.7058188915252686,8184.0,,,,,,,,,,,,,,,,
86539,,,,,,,,,,,,,,,,1.2319436073303225,8184.0,,,,,,,,,,,,,,,,
86555,,,,,,,,,,,,,,,,0.7462179660797119,8184.0,,,,,,,,,,,,,,,,
86567,,,,,,,,,,,,,,,,0.2570469379425049,8184.0,,,,,,,,,,,,,,,,
86832,,,,,,,,,,,,,,,,0.0223591327667236,8184.0,,,,,,,,,,,,,,,,
87153,50932.0,18497.0,36.0,27.0,0.0,0.0,0.0,0.0,0.0,1.7400000000000002,0.666232417407592,54546432.0,49.62720666666667,6.158927833333333,340.2,,,,,,,,,,,,,,,,,,
87171,,,,,,,,,,,,,,,,,,1831.0,1765.0,24.0,24.0,0.0,0.0,0.0,0.0,0.0,0.22,0.3992883851157867,65748992.0,0.0,49.6257885,6.158756,358.5
87333,,,,,,,,,,,,,,,,0.0237700939178466,8184.0,,,,,,,,,,,,,,,,
87773,,,,,,,,,,,,,,,,,,10689.0,23193.0,30.0,45.0,0.0,0.0,0.0,0.0,0.0,0.22,0.3992883851157867,65748992.0,1.0,49.62578700000001,6.158763000000001,357.7
87833,,,,,,,,,,,,,,,,0.0227277278900146,8184.0,,,,,,,,,,,,,,,,
88153,74963.0,18739.0,50.0,32.0,0.0,0.0,0.0,0.0,0.0,1.7400000000000002,0.666232417407592,54546432.0,49.6272075,6.158923333333333,340.1,,,,,,,,,,,,,,,,,,
88355,,,,,,,,,,,,,,,,0.0458128452301025,8184.0,,,,,,,,,,,,,,,,
88739,,,,,,,,,,,,,,,,,,43996.0,83070.0,35.0,62.0,0.0,0.0,0.0,0.0,0.0,0.22,0.3992883851157867,65748992.0,1.0,49.62578933333332,6.158744,359.5
88848,,,,,,,,,,,,,,,,0.0398690700531005,8184.0,,,,,,,,,,,,,,,,
89159,67613.0,20319.0,42.0,55.0,0.0,0.0,0.0,0.0,0.0,1.7400000000000002,0.666232417407592,54546432.0,49.627205,6.158921166666667,340.1,,,,,,,,,,,,,,,,,,
89393,,,,,,,,,,,,,,,,0.0832960605621337,8184.0,,,,,,,,,,,,,,,,
89634,,,,,,,,,,,,,,,,,,70588.0,131328.0,87.0,102.0,0.0,0.0,0.0,0.0,0.0,0.22,0.3992883851157867,65748992.0,1.0,49.62578983333333,6.158734166666666,360.3
89868,,,,,,,,,,,,,,,,0.0581622123718261,8184.0,,,,,,,,,,,,,,,,
90153,34719.0,17905.0,22.0,19.0,0.0,0.0,0.0,0.0,0.0,1.7400000000000002,0.666232417407592,54546432.0,49.62720466666666,6.158917000000001,340.3,,,,,,,,,,,,,,,,,,
90336,,,,,,,,,,,,,,,,0.0266585350036621,8184.0,,,,,,,,,,,,,,,,
90630,,,,,,,,,,,,,,,,,,44488.0,78159.0,42.0,46.0,0.0,0.0,0.0,0.0,0.0,0.22,0.3992883851157867,65748992.0,1.0,49.62579216666666,6.158719500000001,361.8
90823,,,,,,,,,,,,,,,,0.014427900314331,8184.0,,,,,,,,,,,,,,,,
91157,36033.0,17947.0,26.0,20.0,0.0,0.0,0.0,0.0,0.0,1.7400000000000002,0.666232417407592,54546432.0,49.62720349999999,6.1589133333333335,340.3,,,,,,,,,,,,,,,,,,
91332,,,,,,,,,,,,,,,,0.0232281684875488,8184.0,,,,,,,,,,,,,,,,
91632,,,,,,,,,,,,,,,,,,29947.0,36554.0,38.0,47.0,0.0,0.0,0.0,0.0,0.0,0.22,0.3992883851157867,65748992.0,1.0,49.62579516666666,6.1586998333333325,363.7
91837,,,,,,,,,,,,,,,,0.0278370380401611,8184.0,,,,,,,,,,,,,,,,
92153,34584.0,17968.0,20.0,20.0,0.0,0.0,0.0,0.0,0.0,1.7400000000000002,0.666232417407592,54546432.0,49.62719966666667,6.158911333333333,340.0,,,,,,,,,,,,,,,,,,
92330,,,,,,,,,,,,,,,,0.023453950881958,8184.0,,,,,,,,,,,,,,,,
92624,,,,,,,,,,,,,,,,,,18257.0,36517.0,24.0,35.0,0.0,0.0,0.0,0.0,0.0,0.22,0.3992883851157867,65748992.0,1.0,49.62579683333333,6.1586875,364.9
92832,,,,,,,,,,,,,,,,0.0227837562561035,8184.0,,,,,,,,,,,,,,,,
93157,35042.0,18258.0,26.0,24.0,0.0,0.0,0.0,0.0,0.0,1.7400000000000002,0.666232417407592,54546432.0,49.62719466666668,6.158909500000001,339.9,,,,,,,,,,,,,,,,,,
93326,,,,,,,,,,,,,,,,0.0168638229370117,8184.0,,,,,,,,,,,,,,,,
93628,,,,,,,,,,,,,,,,,,18432.0,35265.0,25.0,30.0,0.0,0.0,0.0,0.0,0.0,0.22,0.3992883851157867,65748992.0,1.0,49.62579649999999,6.158686666666667,364.9
93975,,,,,,,,,,,,,,,,0.1656572818756103,8184.0,,,,,,,,,,,,,,,,
94155,34500.0,17446.0,18.0,12.0,0.0,0.0,0.0,0.0,0.0,1.7400000000000002,0.666232417407592,54546432.0,49.627194333333335,6.1589046666666665,340.1,,,,,,,,,,,,,,,,,,
94333,,,,,,,,,,,,,,,,0.0246553421020507,8184.0,,,,,,,,,,,,,,,,
94625,,,,,,,,,,,,,,,,,,30275.0,37528.0,43.0,47.0,0.0,0.0,0.0,0.0,0.0,0.22,0.3992883851157867,65748992.0,1.0,49.62579566666667,6.158690666666667,364.4
94824,,,,,,,,,,,,,,,,0.0146148204803466,8184.0,,,,,,,,,,,,,,,,
95156,34719.0,17641.0,22.0,15.0,0.0,0.0,0.0,0.0,0.0,1.7400000000000002,0.666232417407592,54546432.0,49.62719366666667,6.158899833333334,340.2,,,,,,,,,,,,,,,,,,
95332,,,,,,,,,,,,,,,,0.0225691795349121,8184.0,,,,,,,,,,,,,,,,
95627,,,,,,,,,,,,,,,,,,17978.0,35932.0,17.0,36.0,0.0,0.0,0.0,0.0,0.0,0.22,0.3992883851157867,65748992.0,1.0,49.62579733333334,6.158682499999999,365.2
95835,,,,,,,,,,,,,,,,0.0259528160095214,8184.0,,,,,,,,,,,,,,,,
96159,37547.0,17979.0,27.0,20.0,0.0,0.0,0.0,0.0,0.0,1.7400000000000002,0.666232417407592,54546432.0,49.62719233333334,6.158896,340.3,,,,,,,,,,,,,,,,,,
96324,,,,,,,,,,,,,,,,0.0147769451141357,8184.0,,,,,,,,,,,,,,,,
96627,,,,,,,,,,,,,,,,,,27486.0,35641.0,32.0,36.0,0.0,0.0,0.0,0.0,0.0,0.22,0.3992883851157867,65748992.0,1.0,49.62579766666666,6.158679333333334,365.5
96825,,,,,,,,,,,,,,,,0.0170948505401611,8184.0,,,,,,,,,,,,,,,,
97160,34584.0,17572.0,20.0,14.0,0.0,0.0,0.0,0.0,0.0,1.7400000000000002,0.666232417407592,54546432.0,49.627187166666666,6.158895166666667,340.3,,,,,,,,,,,,,,,,,,
97331,,,,,,,,,,,,,,,,0.0223369598388671,8184.0,,,,,,,,,,,,,,,,
97629,,,,,,,,,,,,,,,,,,18439.0,36881.0,25.0,39.0,0.0,0.0,0.0,0.0,0.0,0.22,0.3992883851157867,65748992.0,1.0,49.62579816666666,6.158676666666666,365.8
97831,,,,,,,,,,,,,,,,0.022463321685791,8184.0,,,,,,,,,,,,,,,,
98157,35206.0,18152.0,28.0,22.0,0.0,0.0,0.0,0.0,0.0,1.7400000000000002,0.666232417407592,54546432.0,49.62718116666667,6.158896166666667,340.5,,,,,,,,,,,,,,,,,,
98350,,,,,,,,,,,,,,,,0.0407938957214355,8184.0,,,,,,,,,,,,,,,,
98622,,,,,,,,,,,,,,,,,,29560.0,35820.0,30.0,36.0,0.0,0.0,0.0,0.0,0.0,0.22,0.3992883851157867,65748992.0,1.0,49.62579783333334,6.1586775000000005,365.7
98824,,,,,,,,,,,,,,,,0.0142130851745605,8184.0,,,,,,,,,,,,,,,,
99157,34402.0,17414.0,17.0,12.0,0.0,0.0,0.0,0.0,0.0,1.7400000000000002,0.666232417407592,54546432.0,49.627177333333336,6.158895666666666,340.5,,,,,,,,,,,,,,,,,,
99327,,,,,,,,,,,,,,,,0.0176136493682861,8184.0,,,,,,,,,,,,,,,,
99631,,,,,,,,,,,,,,,,,,19126.0,36639.0,33.0,48.0,0.0,0.0,0.0,0.0,0.0,0.22,0.3992883851157867,65748992.0,1.0,49.62579716666667,6.158677833333333,365.6
99850,,,,,,,,,,,,,,,,0.039961814880371,8184.0,,,,,,,,,,,,,,,,
100151,34719.0,17641.0,22.0,15.0,0.0,0.0,0.0,0.0,0.0,1.7400000000000002,0.666232417407592,54546432.0,49.62717416666666,6.158892666666666,340.6,,,,,,,,,,,,,,,,,,
100332,,,,,,,,,,,,,,,,0.0254039764404296,8184.0,,,,,,,,,,,,,,,,
100625,,,,,,,,,,,,,,,,,,23567.0,39601.0,36.0,51.0,0.0,0.0,0.0,0.0,0.0,0.22,0.3992883851157867,65748992.0,1.0,49.62579783333334,6.158676166666667,365.7
100877,,,,,,,,,,,,,,,,0.068873643875122,8184.0,,,,,,,,,,,,,,,,
101154,34815.0,17869.0,24.0,19.0,0.0,0.0,0.0,0.0,0.0,1.7400000000000002,0.666232417407592,54546432.0,49.62717083333334,6.15889,340.5,,,,,,,,,,,,,,,,,,
101358,,,,,,,,,,,,,,,,0.0491640567779541,8184.0,,,,,,,,,,,,,,,,
101621,,,,,,,,,,,,,,,,,,32274.0,42251.0,69.0,75.0,0.0,0.0,0.0,0.0,0.0,0.22,0.3992883851157867,65748992.0,1.0,49.62579816666666,6.158675333333334,365.7
101827,,,,,,,,,,,,,,,,0.0177211761474609,8184.0,,,,,,,,,,,,,,,,
102149,34584.0,17572.0,20.0,14.0,0.0,0.0,0.0,0.0,0.0,1.7400000000000002,0.666232417407592,54546432.0,49.62716716666667,6.158889166666667,340.4,,,,,,,,,,,,,,,,,,
102336,,,,,,,,,,,,,,,,0.0266149044036865,8184.0,,,,,,,,,,,,,,,,
102625,,,,,,,,,,,,,,,,,,18437.0,35594.0,25.0,35.0,0.0,0.0,0.0,0.0,0.0,0.22,0.3992883851157867,65748992.0,1.0,49.62579900000001,6.158671833333333,366.0
102824,,,,,,,,,,,,,,,,0.0169422626495361,8184.0,,,,,,,,,,,,,,,,
103156,36194.0,18264.0,27.0,24.0,0.0,0.0,0.0,0.0,0.0,1.7400000000000002,0.666232417407592,54546432.0,49.62716383333333,6.158887666666668,340.4,,,,,,,,,,,,,,,,,,
103339,,,,,,,,,,,,,,,,0.0300850868225097,8184.0,,,,,,,,,,,,,,,,
103632,,,,,,,,,,,,,,,,,,26721.0,35764.0,23.0,36.0,0.0,0.0,0.0,0.0,0.0,0.22,0.3992883851157867,65748992.0,1.0,49.62579900000001,6.1586695,366.2
103838,,,,,,,,,,,,,,,,0.0307192802429199,8184.0,,,,,,,,,,,,,,,,
104154,34500.0,17842.0,18.0,18.0,0.0,0.0,0.0,0.0,0.0,1.7400000000000002,0.666232417407592,54546432.0,49.62716216666666,6.158885166666666,340.5,,,,,,,,,,,,,,,,,,
104325,,,,,,,,,,,,,,,,0.016397476196289,8184.0,,,,,,,,,,,,,,,,
104622,,,,,,,,,,,,,,,,,,19142.0,37312.0,35.0,44.0,0.0,0.0,0.0,0.0,0.0,0.22,0.3992883851157867,65748992.0,1.0,49.62579949999999,6.158666666666666,366.4
104854,,,,,,,,,,,,,,,,0.0445516109466552,8184.0,,,,,,,,,,,,,,,,
105164,34719.0,17707.0,22.0,16.0,0.0,0.0,0.0,0.0,0.0,1.7400000000000002,0.666232417407592,54546432.0,49.62716516666666,6.158882166666666,340.7,,,,,,,,,,,,,,,,,,
105361,,,,,,,,,,,,,,,,0.0521717071533203,8184.0,,,,,,,,,,,,,,,,
105625,,,,,,,,,,,,,,,,,,29696.0,35679.0,34.0,34.0,0.0,0.0,0.0,0.0,0.0,0.22,0.3992883851157867,65748992.0,1.0,49.6258,6.158664000000001,366.6
105836,,,,,,,,,,,,,,,,0.026850938796997,8184.0,,,,,,,,,,,,,,,,
106153,34815.0,17803.0,24.0,18.0,0.0,0.0,0.0,0.0,0.0,1.7400000000000002,0.666232417407592,54546432.0,49.62716533333334,6.158879333333334,340.6,,,,,,,,,,,,,,,,,,
106333,,,,,,,,,,,,,,,,0.0236477851867675,8184.0,,,,,,,,,,,,,,,,
106633,,,,,,,,,,,,,,,,,,18609.0,36165.0,28.0,43.0,0.0,0.0,0.0,0.0,0.0,0.22,0.3992883851157867,65748992.0,1.0,49.62579866666667,6.158668500000001,366.1
106825,,,,,,,,,,,,,,,,0.0159864425659179,8184.0,,,,,,,,,,,,,,,,
107159,34584.0,17572.0,20.0,14.0,0.0,0.0,0.0,0.0,0.0,1.7400000000000002,0.666232417407592,54546432.0,49.62716766666667,6.158877166666668,340.9,,,,,,,,,,,,,,,,,,
107337,,,,,,,,,,,,,,,,0.0277175903320312,8184.0,,,,,,,,,,,,,,,,
107623,,,,,,,,,,,,,,,,,,18655.0,36139.0,28.0,42.0,0.0,0.0,0.0,0.0,0.0,0.22,0.3992883851157867,65748992.0,1.0,49.6257985,6.1586696666666665,365.9
107831,,,,,,,,,,,,,,,,0.0224194526672363,8184.0,,,,,,,,,,,,,,,,
108152,34866.0,17878.0,24.0,19.0,0.0,0.0,0.0,0.0,0.0,1.7400000000000002,0.666232417407592,54546432.0,49.62716833333334,6.158872666666667,340.9,,,,,,,,,,,,,,,,,,
108336,,,,,,,,,,,,,,,,0.0265207290649414,8184.0,,,,,,,,,,,,,,,,
108626,,,,,,,,,,,,,,,,,,32061.0,40138.0,44.0,54.0,0.0,0.0,0.0,0.0,0.0,0.22,0.3992883851157867,65748992.0,1.0,49.62579883333333,6.158669166666666,365.9
108832,,,,,,,,,,,,,,,,0.0229737758636474,8184.0,,,,,,,,,,,,,,,,
109157,34676.0,17628.0,20.0,14.0,0.0,0.0,0.0,0.0,0.0,1.7400000000000002,0.666232417407592,54546432.0,49.627168,6.1588675,340.8,,,,,,,,,,,,,,,,,,
109348,,,,,,,,,,,,,,,,0.038931131362915,8184.0,,,,,,,,,,,,,,,,
109622,,,,,,,,,,,,,,,,,,18844.0,35828.0,32.0,40.0,0.0,0.0,0.0,0.0,0.0,0.22,0.3992883851157867,65748992.0,1.0,49.62580116666666,6.158661166666667,366.7
109823,,,,,,,,,,,,,,,,0.0153872966766357,8184.0,,,,,,,,,,,,,,,,
110154,34719.0,17641.0,22.0,15.0,0.0,0.0,0.0,0.0,0.0,1.7400000000000002,0.666232417407592,54546432.0,49.62716266666666,6.158866333333333,340.8,,,,,,,,,,,,,,,,,,
110325,,,,,,,,,,,,,,,,0.0159909725189209,8184.0,,,,,,,,,,,,,,,,
110627,,,,,,,,,,,,,,,,,,28992.0,35708.0,24.0,34.0,0.0,0.0,0.0,0.0,0.0,0.22,0.3992883851157867,65748992.0,1.0,49.625803,6.158652833333334,367.5
110859,,,,,,,,,,,,,,,,0.0499734878540039,8184.0,,,,,,,,,,,,,,,,
111157,34815.0,17869.0,24.0,19.0,0.0,0.0,0.0,0.0,0.0,1.7400000000000002,0.666232417407592,54546432.0,49.62715849999999,6.158866166666667,340.9,,,,,,,,,,,,,,,,,,
111327,,,,,,,,,,,,,,,,0.0182471275329589,8184.0,,,,,,,,,,,,,,,,
111629,,,,,,,,,,,,,,,,,,18165.0,35657.0,22.0,37.0,0.0,0.0,0.0,0.0,0.0,0.22,0.3992883851157867,65748992.0,1.0,49.625805166666666,6.1586425,368.5
111888,,,,,,,,,,,,,,,,0.0797808170318603,8184.0,,,,,,,,,,,,,,,,
112152,34584.0,17572.0,20.0,14.0,0.0,0.0,0.0,0.0,0.0,1.7400000000000002,0.666232417407592,54546432.0,49.627157,6.1588615,341.0,,,,,,,,,,,,,,,,,,
112324,,,,,,,,,,,,,,,,0.0151178836822509,8184.0,,,,,,,,,,,,,,,,
112627,,,,,,,,,,,,,,,,,,20875.0,41380.0,59.0,65.0,0.0,0.0,0.0,0.0,0.0,0.22,0.3992883851157867,65748992.0,1.0,49.62580416666666,6.158646666666668,368.0
112828,,,,,,,,,,,,,,,,0.0202922821044921,8184.0,,,,,,,,,,,,,,,,
113153,37186.0,19262.0,41.0,38.0,0.0,0.0,0.0,0.0,0.0,1.7400000000000002,0.666232417407592,54546432.0,49.62715333333334,6.158859833333334,341.1,,,,,,,,,,,,,,,,,,
113329,,,,,,,,,,,,,,,,0.0222370624542236,8184.0,,,,,,,,,,,,,,,,
113624,,,,,,,,,,,,,,,,,,26756.0,35568.0,23.0,34.0,0.0,0.0,0.0,0.0,0.0,0.22,0.3992883851157867,65748992.0,1.0,49.625803833333336,6.158648333333334,367.8
113825,,,,,,,,,,,,,,,,0.0160756111145019,8184.0,,,,,,,,,,,,,,,,
114155,36996.0,19330.0,37.0,38.0,0.0,0.0,0.0,0.0,0.0,1.7400000000000002,0.666232417407592,54546432.0,49.627152,6.158855666666667,341.1,,,,,,,,,,,,,,,,,,
114349,,,,,,,,,,,,,,,,0.0404262542724609,8184.0,,,,,,,,,,,,,,,,
114622,,,,,,,,,,,,,,,,,,20428.0,38422.0,46.0,53.0,0.0,0.0,0.0,0.0,0.0,0.22,0.3992883851157867,65748992.0,1.0,49.62580316666667,6.158650333333332,367.6
114840,,,,,,,,,,,,,,,,0.031951904296875,8184.0,,,,,,,,,,,,,,,,
115156,36213.0,19205.0,39.0,37.0,0.0,0.0,0.0,0.0,0.0,1.7400000000000002,0.666232417407592,54546432.0,49.62714966666668,6.158852,341.1,,,,,,,,,,,,,,,,,,
115327,,,,,,,,,,,,,,,,0.0176677703857421,8184.0,,,,,,,,,,,,,,,,
115627,,,,,,,,,,,,,,,,,,33676.0,40113.0,41.0,46.0,0.0,0.0,0.0,0.0,0.0,0.22,0.3992883851157867,65748992.0,1.0,49.62580316666667,6.158650333333332,367.5
115828,,,,,,,,,,,,,,,,0.0188093185424804,8184.0,,,,,,,,,,,,,,,,
116156,34815.0,17803.0,24.0,18.0,0.0,0.0,0.0,0.0,0.0,1.7400000000000002,0.666232417407592,54546432.0,49.627146833333335,6.1588485,341.0,,,,,,,,,,,,,,,,,,
116338,,,,,,,,,,,,,,,,0.0285356044769287,8184.0,,,,,,,,,,,,,,,,
116620,,,,,,,,,,,,,,,,,,18603.0,35625.0,29.0,34.0,0.0,0.0,0.0,0.0,0.0,0.22,0.3992883851157867,65748992.0,1.0,49.625803,6.158651166666668,367.3
116822,,,,,,,,,,,,,,,,0.0132479667663574,8184.0,,,,,,,,,,,,,,,,
117156,34584.0,17572.0,20.0,14.0,0.0,0.0,0.0,0.0,0.0,1.7400000000000002,0.666232417407592,54546432.0,49.62714833333333,6.158841499999999,341.3,,,,,,,,,,,,,,,,,,
117320,,,,,,,,,,,,,,,,0.0107026100158691,8184.0,,,,,,,,,,,,,,,,
117621,,,,,,,,,,,,,,,,,,29147.0,35755.0,29.0,38.0,0.0,0.0,0.0,0.0,0.0,0.22,0.3992883851157867,65748992.0,1.0,49.62580283333333,6.158651333333334,367.2
117869,,,,,,,,,,,,,,,,0.0605201721191406,8184.0,,,,,,,,,,,,,,,,
118157,36210.0,19288.0,42.0,38.0,0.0,0.0,0.0,0.0,0.0,1.7400000000000002,0.666232417407592,54546432.0,49.6271485,6.1588355,341.4,,,,,,,,,,,,,,,,,,
118422,,,,,,,,,,,,,,,,0.1124753952026367,8184.0,,,,,,,,,,,,,,,,
118625,,,,,,,,,,,,,,,,,,18554.0,35882.0,24.0,36.0,0.0,0.0,0.0,0.0,0.0,0.22,0.3992883851157867,65748992.0,1.0,49.62580266666667,6.158652000000001,367.1
118830,,,,,,,,,,,,,,,,0.0209674835205078,8184.0,,,,,,,,,,,,,,,,
119157,34598.0,17610.0,19.0,14.0,0.0,0.0,0.0,0.0,0.0,1.7400000000000002,0.666232417407592,54546432.0,49.627148166666665,6.158829833333334,341.5,,,,,,,,,,,,,,,,,,
119348,,,,,,,,,,,,,,,,0.0386531352996826,8184.0,,,,,,,,,,,,,,,,
119621,,,,,,,,,,,,,,,,,,23390.0,39071.0,42.0,51.0,0.0,0.0,0.0,0.0,0.0,0.22,0.3992883851157867,65748992.0,1.0,49.62580266666667,6.158651833333333,367.3
119939,,,,,,,,,,,,,,,,0.1301298141479492,8184.0,,,,,,,,,,,,,,,,
120154,36925.0,17423.0,23.0,12.0,0.0,0.0,0.0,0.0,0.0,1.7400000000000002,0.666232417407592,54546432.0,49.627147,6.158826666666666,341.7,,,,,,,,,,,,,,,,,,
120154,36925.0,17423.0,23.0,12.0,0.0,0.0,0.0,0.0,0.0,1.7400000000000002,0.666232417407592,54546432.0,49.627147,6.158826666666666,341.7,,,,,,,,,,,,,,,,,,
120672,,,,,,,,,,,,,,,,,,29200.0,35907.0,26.0,37.0,0.0,0.0,0.0,0.0,0.0,0.22,0.3992883851157867,65748992.0,1.0,49.62580233333333,6.158651666666667,367.3
120672,,,,,,,,,,,,,,,,,,29200.0,35907.0,26.0,37.0,0.0,0.0,0.0,0.0,0.0,0.22,0.3992883851157867,65748992.0,1.0,49.62580233333333,6.158651666666667,367.3
